N     n T     bs  k     lr0   c.loss  e.loss
1024  6 32    128 0.03  1e-1  0.158   -0.212
1024  6 64    64  0.03  1e-1  0.136   -0.193
1024  6 64    64  0.02  1e-1  0.151   -0.221
1024  6 128   32  0.03  1e-1  0.143   -0.215
1024  6 1024  4   0.03  1e-1  0.213   -0.252
2048  6 32    16  0.03  1e-1  0.186   -0.238
2048  6 64    16  0.03  1e-1  0.177   -0.261
2048  6 128   8   0.03  1e-1  0.183   -0.382
2048  6 256   2   0.03  1e-1  0.251   -0.298
2048  6 64    16  0.02  1e-1  0.146   -0.201
2048  6 64    16  0.015 1e-1  0.128   -0.172
2048  6 64    16  0.01  1e-1  0.145   -0.250
2048  6 128   8   0.015 1e-1  0.199   -0.340
2048  6 128   8   0.02  1e-1  0.136   -0.178
4096  6 60    4   0.015 1e-1  0.211   -0.252
4096  6 128   2   0.02  1e-1  0.199   -0.272
4096  6 128   2   0.02  3e-2  0.243   -0.407
4096  6 128   2   0.02  3e-1  0.279   -0.402
4096  6 60    4   0.02  1e-1  0.206   -0.280
4096  6 60    4   0.01  1e-1  0.206   -0.276
4096  6 128   2   0.02  1e-1  0.184   -0.266
4096  6 128   2   0.02  1e-2  0.626   -1.074
4096  6 60    2   0.02  1e-1  0.236   -0.305
